           t           x           rho             U             p          rhoU             E
     0.09719    -0.01500      1.000000      0.000000      1.000000      0.000000      2.500000
     0.09719    -0.00500      1.000000      0.000000      1.000000      0.000000      2.500000
     0.09719     0.00500      1.000000      0.000000      1.000000      0.000000      2.500000
     0.09719     0.01500      1.000000      0.000000      1.000000      0.000000      2.500000
     0.09719     0.02500      1.000000      0.000000      1.000000      0.000000      2.500000
     0.09719     0.03500      1.000000      0.000000      1.000000      0.000000      2.500000
     0.09719     0.04500      1.000000      0.000000      1.000000      0.000000      2.500000
     0.09719     0.05500      1.000000      0.000000      1.000000      0.000000      2.500000
     0.09719     0.06500      1.000000      0.000000      1.000000      0.000000      2.500000
     0.09719     0.07500      1.000000      0.000000      1.000000      0.000000      2.500000
     0.09719     0.08500      1.000000      0.000000      1.000000      0.000000      2.500000
     0.09719     0.09500      1.000000      0.000000      1.000000      0.000000      2.500000
     0.09719     0.10500      1.000000      0.000000      1.000000      0.000000      2.500000
     0.09719     0.11500      1.000000      0.000000      1.000000      0.000000      2.500000
     0.09719     0.12500      1.000000      0.000000      1.000000      0.000000      2.500000
     0.09719     0.13500      1.000000      0.000000      1.000000      0.000000      2.500000
     0.09719     0.14500      1.000000      0.000000      1.000000      0.000000      2.500000
     0.09719     0.15500      1.000000      0.000000      1.000000      0.000000      2.500000
     0.09719     0.16500      1.000000      0.000000      1.000000      0.000000      2.500000
     0.09719     0.17500      1.000000      0.000000      1.000000      0.000000      2.500000
     0.09719     0.18500      1.000000      0.000000      1.000000      0.000000      2.500000
     0.09719     0.19500      1.000000      0.000000      1.000000      0.000000      2.500000
     0.09719     0.20500      1.000000      0.000000      1.000000      0.000000      2.500000
     0.09719     0.21500      1.000000      0.000000      1.000000      0.000000      2.500000
     0.09719     0.22500      1.000000      0.000000      1.000000      0.000000      2.500000
     0.09719     0.23500      1.000000      0.000000      1.000000      0.000000      2.500000
     0.09719     0.24500      1.000000      0.000000      1.000000      0.000000      2.500000
     0.09719     0.25500      1.000000      0.000000      1.000000      0.000000      2.500000
     0.09719     0.26500      1.000000      0.000000      1.000000      0.000000      2.500000
     0.09719     0.27500      1.000000      0.000000      1.000000      0.000000      2.499999
     0.09719     0.28500      1.000000      0.000002      0.999998      0.000002      2.499995
     0.09719     0.29500      1.000000      0.000007      0.999991      0.000007      2.499978
     0.09719     0.30500      1.000000      0.000030      0.999965      0.000030      2.499912
     0.09719     0.31500      1.000000      0.000112      0.999868      0.000112      2.499670
     0.09719     0.32500      1.000000      0.000380      0.999550      0.000380      2.498875
     0.09719     0.33500      1.000000      0.001174      0.998611      0.001174      2.496529
     0.09719     0.34500      1.000000      0.003263      0.996140      0.003263      2.490357
     0.09719     0.35500      1.000000      0.008114      0.990409      0.008114      2.476054
     0.09719     0.36500      1.000000      0.017957      0.978794      0.017957      2.447147
     0.09719     0.37500      1.000000      0.035336      0.958355      0.035336      2.396511
     0.09719     0.38500      1.000000      0.062173      0.926670      0.062173      2.318607
     0.09719     0.39500      1.000000      0.097636      0.887501      0.097636      2.223518
     0.09719     0.40500      1.000000      0.129686      0.844435      0.129686      2.119496
     0.09719     0.41500      1.000000      0.170071      0.803789      0.170071      2.023935
     0.09719     0.42500      1.000000      0.210940      0.760040      0.210940      1.922348
     0.09719     0.43500      1.000000      0.241184      0.713353      0.241184      1.812467
     0.09719     0.44500      1.000000      0.284097      0.677262      0.284097      1.733511
     0.09719     0.45500      1.000000      0.324425      0.631799      0.324425      1.632123
     0.09719     0.46500      1.000000      0.357548      0.584598      0.357548      1.525415
     0.09719     0.47500      1.000000      0.403562      0.551235      0.403562      1.459518
     0.09719     0.48500      0.999998      0.433541      0.508552      0.433540      1.365359
     0.09719     0.49500      0.999985      0.466410      0.469996      0.466403      1.283759
     0.09719     0.50500      0.999907      0.506488      0.443640      0.506441      1.237354
     0.09719     0.51500      0.999533      0.524975      0.412673      0.524730      1.169417
     0.09719     0.52500      0.998056      0.547896      0.391999      0.546831      1.129800
     0.09719     0.53500      0.993187      0.566300      0.376397      0.562442      1.100248
     0.09719     0.54500      0.979425      0.574201      0.358491      0.562387      1.057689
     0.09719     0.55500      0.945932      0.578071      0.342515      0.546816      1.014338
     0.09719     0.56500      0.875235      0.571783      0.323290      0.500445      0.951298
     0.09719     0.57500      0.747538      0.538925      0.289705      0.402867      0.832820
     0.09719     0.58500      0.573311      0.465031      0.238065      0.266607      0.657153
     0.09719     0.59500      0.407755      0.406026      0.199063      0.165559      0.531267
     0.09719     0.60500      0.285015      0.386811      0.177654      0.110247      0.465458
     0.09719     0.61500      0.206719      0.350003      0.160411      0.072352      0.413689
     0.09719     0.62500      0.162033      0.244373      0.136926      0.039597      0.347152
     0.09719     0.63500      0.139783      0.120161      0.116858      0.016796      0.293155
     0.09719     0.64500      0.130241      0.045309      0.106127      0.005901      0.265451
     0.09719     0.65500      0.126688      0.014624      0.101948      0.001853      0.254885
     0.09719     0.66500      0.125503      0.004315      0.100572      0.000542      0.251431
     0.09719     0.67500      0.125140      0.001195      0.100158      0.000150      0.250395
     0.09719     0.68500      0.125037      0.000313      0.100041      0.000039      0.250104
     0.09719     0.69500      0.125009      0.000078      0.100010      0.000010      0.250026
     0.09719     0.70500      0.125002      0.000019      0.100002      0.000002      0.250006
     0.09719     0.71500      0.125000      0.000004      0.100001      0.000001      0.250001
     0.09719     0.72500      0.125000      0.000001      0.100000      0.000000      0.250000
     0.09719     0.73500      0.125000      0.000000      0.100000      0.000000      0.250000
     0.09719     0.74500      0.125000      0.000000      0.100000      0.000000      0.250000
     0.09719     0.75500      0.125000      0.000000      0.100000      0.000000      0.250000
     0.09719     0.76500      0.125000      0.000000      0.100000      0.000000      0.250000
     0.09719     0.77500      0.125000      0.000000      0.100000      0.000000      0.250000
     0.09719     0.78500      0.125000      0.000000      0.100000      0.000000      0.250000
     0.09719     0.79500      0.125000      0.000000      0.100000      0.000000      0.250000
     0.09719     0.80500      0.125000      0.000000      0.100000      0.000000      0.250000
     0.09719     0.81500      0.125000      0.000000      0.100000      0.000000      0.250000
     0.09719     0.82500      0.125000      0.000000      0.100000      0.000000      0.250000
     0.09719     0.83500      0.125000      0.000000      0.100000      0.000000      0.250000
     0.09719     0.84500      0.125000      0.000000      0.100000      0.000000      0.250000
     0.09719     0.85500      0.125000      0.000000      0.100000      0.000000      0.250000
     0.09719     0.86500      0.125000      0.000000      0.100000      0.000000      0.250000
     0.09719     0.87500      0.125000      0.000000      0.100000      0.000000      0.250000
     0.09719     0.88500      0.125000      0.000000      0.100000      0.000000      0.250000
     0.09719     0.89500      0.125000      0.000000      0.100000      0.000000      0.250000
     0.09719     0.90500      0.125000      0.000000      0.100000      0.000000      0.250000
     0.09719     0.91500      0.125000      0.000000      0.100000      0.000000      0.250000
     0.09719     0.92500      0.125000      0.000000      0.100000      0.000000      0.250000
     0.09719     0.93500      0.125000      0.000000      0.100000      0.000000      0.250000
     0.09719     0.94500      0.125000      0.000000      0.100000      0.000000      0.250000
     0.09719     0.95500      0.125000      0.000000      0.100000      0.000000      0.250000
     0.09719     0.96500      0.125000      0.000000      0.100000      0.000000      0.250000
     0.09719     0.97500      0.125000      0.000000      0.100000      0.000000      0.250000
     0.09719     0.98500      0.125000      0.000000      0.100000      0.000000      0.250000
     0.09719     0.99500      0.125000      0.000000      0.100000      0.000000      0.250000
     0.09719     1.00500      0.125000      0.000000      0.100000      0.000000      0.250000
     0.09719     1.01500      0.125000      0.000000      0.100000      0.000000      0.250000
