           t           x           rho             U             p          rhoU             E
     0.16481    -0.01500      1.000000      0.000000      1.000000      0.000000      2.500000
     0.16481    -0.00500      1.000000      0.000000      1.000000      0.000000      2.500000
     0.16481     0.00500      1.000000      0.000000      1.000000      0.000000      2.500000
     0.16481     0.01500      1.000000      0.000000      1.000000      0.000000      2.500000
     0.16481     0.02500      1.000000      0.000000      1.000000      0.000000      2.500000
     0.16481     0.03500      1.000000      0.000000      1.000000      0.000000      2.500000
     0.16481     0.04500      1.000000      0.000000      1.000000      0.000000      2.500000
     0.16481     0.05500      1.000000      0.000000      1.000000      0.000000      2.500000
     0.16481     0.06500      1.000000      0.000000      1.000000      0.000000      2.500000
     0.16481     0.07500      1.000000      0.000000      1.000000      0.000000      2.500000
     0.16481     0.08500      1.000000      0.000000      1.000000      0.000000      2.500000
     0.16481     0.09500      1.000000      0.000000      1.000000      0.000000      2.500000
     0.16481     0.10500      1.000000      0.000000      1.000000      0.000000      2.500000
     0.16481     0.11500      1.000000      0.000000      1.000000      0.000000      2.500000
     0.16481     0.12500      1.000000      0.000000      1.000000      0.000000      2.500000
     0.16481     0.13500      1.000000      0.000000      1.000000      0.000000      2.500000
     0.16481     0.14500      1.000000      0.000000      1.000000      0.000000      2.500000
     0.16481     0.15500      1.000000      0.000000      1.000000      0.000000      2.500000
     0.16481     0.16500      1.000000      0.000000      1.000000      0.000000      2.500000
     0.16481     0.17500      1.000000      0.000000      1.000000      0.000000      2.499999
     0.16481     0.18500      1.000000      0.000001      0.999999      0.000001      2.499996
     0.16481     0.19500      1.000000      0.000004      0.999995      0.000004      2.499987
     0.16481     0.20500      1.000000      0.000014      0.999983      0.000014      2.499958
     0.16481     0.21500      1.000000      0.000044      0.999948      0.000044      2.499869
     0.16481     0.22500      1.000000      0.000128      0.999848      0.000128      2.499621
     0.16481     0.23500      1.000000      0.000348      0.999588      0.000348      2.498971
     0.16481     0.24500      1.000000      0.000881      0.998957      0.000881      2.497393
     0.16481     0.25500      1.000000      0.002074      0.997546      0.002074      2.493868
     0.16481     0.26500      1.000000      0.004511      0.994665      0.004511      2.486672
     0.16481     0.27500      1.000000      0.009032      0.989323      0.009032      2.473348
     0.16481     0.28500      1.000000      0.016600      0.980391      0.016600      2.451115
     0.16481     0.29500      1.000000      0.028009      0.966950      0.028009      2.417767
     0.16481     0.30500      1.000000      0.043555      0.948674      0.043555      2.372634
     0.16481     0.31500      1.000000      0.062952      0.925962      0.062952      2.316888
     0.16481     0.32500      1.000000      0.085574      0.899549      0.085574      2.252533
     0.16481     0.33500      1.000000      0.109867      0.871080      0.109867      2.183736
     0.16481     0.34500      1.000000      0.134171      0.844011      0.134171      2.119029
     0.16481     0.35500      1.000000      0.157040      0.815821      0.157040      2.051882
     0.16481     0.36500      1.000000      0.181957      0.788199      0.181957      1.987051
     0.16481     0.37500      1.000000      0.206714      0.762635      0.206714      1.927954
     0.16481     0.38500      1.000000      0.227997      0.733993      0.227997      1.860975
     0.16481     0.39500      1.000000      0.253205      0.706025      0.253205      1.797120
     0.16481     0.40500      1.000000      0.280019      0.682210      0.280019      1.744729
     0.16481     0.41500      1.000000      0.300077      0.653241      0.300077      1.678127
     0.16481     0.42500      1.000000      0.325495      0.625402      0.325495      1.616479
     0.16481     0.43500      1.000000      0.353544      0.601268      0.353544      1.565667
     0.16481     0.44500      1.000000      0.372092      0.572634      0.372092      1.500812
     0.16481     0.45500      1.000000      0.398323      0.548511      0.398323      1.450609
     0.16481     0.46500      1.000000      0.424305      0.524044      0.424305      1.400127
     0.16481     0.47500      1.000000      0.441506      0.497065      0.441506      1.340126
     0.16481     0.48500      1.000000      0.467298      0.477457      0.467298      1.302827
     0.16481     0.49500      1.000000      0.487475      0.454509      0.487475      1.255088
     0.16481     0.50500      1.000000      0.504667      0.432414      0.504667      1.208380
     0.16481     0.51500      0.999999      0.527232      0.416622      0.527232      1.180541
     0.16481     0.52500      0.999996      0.539317      0.399045      0.539315      1.143044
     0.16481     0.53500      0.999983      0.552326      0.385046      0.552317      1.115144
     0.16481     0.54500      0.999935      0.566222      0.375933      0.566185      1.100126
     0.16481     0.55500      0.999776      0.571943      0.366794      0.571814      1.080507
     0.16481     0.56500      0.999293      0.577954      0.360810      0.577545      1.068923
     0.16481     0.57500      0.997963      0.582876      0.356879      0.581689      1.061724
     0.16481     0.58500      0.994595      0.585600      0.352355      0.582435      1.051424
     0.16481     0.59500      0.986765      0.586961      0.348090      0.579193      1.040206
     0.16481     0.60500      0.970028      0.586164      0.343061      0.568596      1.024299
     0.16481     0.61500      0.937119      0.581669      0.335262      0.545093      0.996687
     0.16481     0.62500      0.877660      0.572236      0.322364      0.502229      0.949607
     0.16481     0.63500      0.780025      0.558177      0.301967      0.435392      0.876430
     0.16481     0.64500      0.643329      0.521732      0.268165      0.335645      0.757972
     0.16481     0.65500      0.495416      0.431061      0.217975      0.213555      0.590965
     0.16481     0.66500      0.366003      0.334164      0.176398      0.122305      0.461429
     0.16481     0.67500      0.269983      0.283790      0.155233      0.076618      0.398955
     0.16481     0.68500      0.207071      0.284465      0.148637      0.058905      0.379971
     0.16481     0.69500      0.168668      0.295756      0.146267      0.049885      0.373045
     0.16481     0.70500      0.146497      0.267860      0.139261      0.039241      0.353409
     0.16481     0.71500      0.134579      0.165728      0.123057      0.022303      0.309491
     0.16481     0.72500      0.128840      0.071375      0.109654      0.009196      0.274464
     0.16481     0.73500      0.126413      0.025173      0.103358      0.003182      0.258435
     0.16481     0.74500      0.125488      0.008097      0.101074      0.001016      0.252689
     0.16481     0.75500      0.125160      0.002491      0.100330      0.000312      0.250825
     0.16481     0.76500      0.125050      0.000744      0.100098      0.000093      0.250246
     0.16481     0.77500      0.125015      0.000216      0.100029      0.000027      0.250071
     0.16481     0.78500      0.125004      0.000061      0.100008      0.000008      0.250020
     0.16481     0.79500      0.125001      0.000017      0.100002      0.000002      0.250005
     0.16481     0.80500      0.125000      0.000004      0.100001      0.000001      0.250001
     0.16481     0.81500      0.125000      0.000001      0.100000      0.000000      0.250000
     0.16481     0.82500      0.125000      0.000000      0.100000      0.000000      0.250000
     0.16481     0.83500      0.125000      0.000000      0.100000      0.000000      0.250000
     0.16481     0.84500      0.125000      0.000000      0.100000      0.000000      0.250000
     0.16481     0.85500      0.125000      0.000000      0.100000      0.000000      0.250000
     0.16481     0.86500      0.125000      0.000000      0.100000      0.000000      0.250000
     0.16481     0.87500      0.125000      0.000000      0.100000      0.000000      0.250000
     0.16481     0.88500      0.125000      0.000000      0.100000      0.000000      0.250000
     0.16481     0.89500      0.125000      0.000000      0.100000      0.000000      0.250000
     0.16481     0.90500      0.125000      0.000000      0.100000      0.000000      0.250000
     0.16481     0.91500      0.125000      0.000000      0.100000      0.000000      0.250000
     0.16481     0.92500      0.125000      0.000000      0.100000      0.000000      0.250000
     0.16481     0.93500      0.125000      0.000000      0.100000      0.000000      0.250000
     0.16481     0.94500      0.125000      0.000000      0.100000      0.000000      0.250000
     0.16481     0.95500      0.125000      0.000000      0.100000      0.000000      0.250000
     0.16481     0.96500      0.125000      0.000000      0.100000      0.000000      0.250000
     0.16481     0.97500      0.125000      0.000000      0.100000      0.000000      0.250000
     0.16481     0.98500      0.125000      0.000000      0.100000      0.000000      0.250000
     0.16481     0.99500      0.125000      0.000000      0.100000      0.000000      0.250000
     0.16481     1.00500      0.125000      0.000000      0.100000      0.000000      0.250000
     0.16481     1.01500      0.125000      0.000000      0.100000      0.000000      0.250000
