           t           x           rho             U             p          rhoU             E
     0.19861    -0.01500      1.000000      0.000000      1.000000      0.000000      2.500000
     0.19861    -0.00500      1.000000      0.000000      1.000000      0.000000      2.500000
     0.19861     0.00500      1.000000      0.000000      1.000000      0.000000      2.500000
     0.19861     0.01500      1.000000      0.000000      1.000000      0.000000      2.500000
     0.19861     0.02500      1.000000      0.000000      1.000000      0.000000      2.500000
     0.19861     0.03500      1.000000      0.000000      1.000000      0.000000      2.500000
     0.19861     0.04500      1.000000      0.000000      1.000000      0.000000      2.500000
     0.19861     0.05500      1.000000      0.000000      1.000000      0.000000      2.500000
     0.19861     0.06500      1.000000      0.000000      1.000000      0.000000      2.500000
     0.19861     0.07500      1.000000      0.000000      1.000000      0.000000      2.500000
     0.19861     0.08500      1.000000      0.000000      1.000000      0.000000      2.500000
     0.19861     0.09500      1.000000      0.000000      1.000000      0.000000      2.500000
     0.19861     0.10500      1.000000      0.000000      1.000000      0.000000      2.500000
     0.19861     0.11500      1.000000      0.000000      1.000000      0.000000      2.500000
     0.19861     0.12500      1.000000      0.000000      1.000000      0.000000      2.499999
     0.19861     0.13500      1.000000      0.000001      0.999999      0.000001      2.499997
     0.19861     0.14500      1.000000      0.000003      0.999997      0.000003      2.499991
     0.19861     0.15500      1.000000      0.000009      0.999989      0.000009      2.499974
     0.19861     0.16500      1.000000      0.000026      0.999969      0.000026      2.499923
     0.19861     0.17500      1.000000      0.000073      0.999914      0.000073      2.499785
     0.19861     0.18500      1.000000      0.000191      0.999774      0.000191      2.499435
     0.19861     0.19500      1.000000      0.000473      0.999441      0.000473      2.498601
     0.19861     0.20500      1.000000      0.001099      0.998700      0.001099      2.496750
     0.19861     0.21500      1.000000      0.002388      0.997175      0.002388      2.492940
     0.19861     0.22500      1.000000      0.004836      0.994281      0.004836      2.485715
     0.19861     0.23500      1.000000      0.009091      0.989253      0.009091      2.473175
     0.19861     0.24500      1.000000      0.015842      0.981284      0.015842      2.453336
     0.19861     0.25500      1.000000      0.025610      0.969772      0.025610      2.424758
     0.19861     0.26500      1.000000      0.038556      0.954544      0.038556      2.387104
     0.19861     0.27500      1.000000      0.054437      0.935903      0.054437      2.341239
     0.19861     0.28500      1.000000      0.072793      0.914496      0.072793      2.288890
     0.19861     0.29500      1.000000      0.092836      0.890840      0.092836      2.231408
     0.19861     0.30500      1.000000      0.113656      0.867440      0.113656      2.175059
     0.19861     0.31500      1.000000      0.133618      0.843367      0.133618      2.117346
     0.19861     0.32500      1.000000      0.154270      0.819826      0.154270      2.061465
     0.19861     0.33500      1.000000      0.174946      0.797401      0.174946      2.008807
     0.19861     0.34500      1.000000      0.194397      0.773391      0.194397      1.952373
     0.19861     0.35500      1.000000      0.214901      0.749841      0.214901      1.897694
     0.19861     0.36500      1.000000      0.236175      0.729082      0.236175      1.850593
     0.19861     0.37500      1.000000      0.255521      0.704608      0.255521      1.794166
     0.19861     0.38500      1.000000      0.274942      0.680398      0.274942      1.738792
     0.19861     0.39500      1.000000      0.297693      0.661232      0.297693      1.697390
     0.19861     0.40500      1.000000      0.316707      0.637000      0.316707      1.642651
     0.19861     0.41500      1.000000      0.336098      0.612569      0.336098      1.587903
     0.19861     0.42500      1.000000      0.359653      0.593391      0.359653      1.548153
     0.19861     0.43500      1.000000      0.376640      0.569884      0.376640      1.495639
     0.19861     0.44500      1.000000      0.397323      0.547634      0.397323      1.448019
     0.19861     0.45500      1.000000      0.420136      0.528391      0.420136      1.409235
     0.19861     0.46500      1.000000      0.434933      0.505926      0.434933      1.359399
     0.19861     0.47500      1.000000      0.455686      0.486992      0.455686      1.321304
     0.19861     0.48500      1.000000      0.476194      0.468116      0.476194      1.283671
     0.19861     0.49500      1.000000      0.489607      0.447679      0.489607      1.239056
     0.19861     0.50500      1.000000      0.509398      0.432424      0.509398      1.210804
     0.19861     0.51500      1.000000      0.525602      0.416150      0.525602      1.178504
     0.19861     0.52500      1.000000      0.535701      0.400173      0.535701      1.143920
     0.19861     0.53500      0.999999      0.551048      0.389654      0.551048      1.125963
     0.19861     0.54500      0.999997      0.561084      0.379082      0.561082      1.105113
     0.19861     0.55500      0.999988      0.567839      0.370008      0.567833      1.086238
     0.19861     0.56500      0.999958      0.575528      0.364078      0.575504      1.075804
     0.19861     0.57500      0.999868      0.579537      0.359029      0.579461      1.065482
     0.19861     0.58500      0.999609      0.583380      0.355837      0.583152      1.059692
     0.19861     0.59500      0.998926      0.586170      0.353540      0.585540      1.055463
     0.19861     0.60500      0.997239      0.587588      0.350915      0.585966      1.049440
     0.19861     0.61500      0.993363      0.588264      0.348584      0.584360      1.043339
     0.19861     0.62500      0.985056      0.587874      0.346013      0.579089      1.035248
     0.19861     0.63500      0.968440      0.585882      0.342116      0.567392      1.021501
     0.19861     0.64500      0.937452      0.581275      0.335238      0.544917      0.996469
     0.19861     0.65500      0.883599      0.571864      0.323166      0.505298      0.952396
     0.19861     0.66500      0.797226      0.558183      0.305065      0.444998      0.886858
     0.19861     0.67500      0.674871      0.540466      0.280200      0.364745      0.799065
     0.19861     0.68500      0.536020      0.485230      0.240419      0.260093      0.664149
     0.19861     0.69500      0.406880      0.376753      0.192258      0.153293      0.509521
     0.19861     0.70500      0.303669      0.282193      0.158441      0.085693      0.408193
     0.19861     0.71500      0.231303      0.239388      0.143049      0.055371      0.364251
     0.19861     0.72500      0.185181      0.240538      0.138868      0.044543      0.352528
     0.19861     0.73500      0.157322      0.251785      0.137951      0.039611      0.349864
     0.19861     0.74500      0.141245      0.240265      0.134547      0.033936      0.340445
     0.19861     0.75500      0.132503      0.170876      0.123629      0.022642      0.311007
     0.19861     0.76500      0.128144      0.082064      0.111091      0.010516      0.278159
     0.19861     0.77500      0.126211      0.031082      0.104147      0.003923      0.260429
     0.19861     0.78500      0.125438      0.010461      0.101388      0.001312      0.253477
     0.19861     0.79500      0.125151      0.003329      0.100441      0.000417      0.251103
     0.19861     0.80500      0.125050      0.001027      0.100136      0.000128      0.250340
     0.19861     0.81500      0.125016      0.000309      0.100041      0.000039      0.250102
     0.19861     0.82500      0.125005      0.000091      0.100012      0.000011      0.250030
     0.19861     0.83500      0.125001      0.000026      0.100003      0.000003      0.250009
     0.19861     0.84500      0.125000      0.000007      0.100001      0.000001      0.250002
     0.19861     0.85500      0.125000      0.000002      0.100000      0.000000      0.250001
     0.19861     0.86500      0.125000      0.000001      0.100000      0.000000      0.250000
     0.19861     0.87500      0.125000      0.000000      0.100000      0.000000      0.250000
     0.19861     0.88500      0.125000      0.000000      0.100000      0.000000      0.250000
     0.19861     0.89500      0.125000      0.000000      0.100000      0.000000      0.250000
     0.19861     0.90500      0.125000      0.000000      0.100000      0.000000      0.250000
     0.19861     0.91500      0.125000      0.000000      0.100000      0.000000      0.250000
     0.19861     0.92500      0.125000      0.000000      0.100000      0.000000      0.250000
     0.19861     0.93500      0.125000      0.000000      0.100000      0.000000      0.250000
     0.19861     0.94500      0.125000      0.000000      0.100000      0.000000      0.250000
     0.19861     0.95500      0.125000      0.000000      0.100000      0.000000      0.250000
     0.19861     0.96500      0.125000      0.000000      0.100000      0.000000      0.250000
     0.19861     0.97500      0.125000      0.000000      0.100000      0.000000      0.250000
     0.19861     0.98500      0.125000      0.000000      0.100000      0.000000      0.250000
     0.19861     0.99500      0.125000      0.000000      0.100000      0.000000      0.250000
     0.19861     1.00500      0.125000      0.000000      0.100000      0.000000      0.250000
     0.19861     1.01500      0.125000      0.000000      0.100000      0.000000      0.250000
